% velocityObs.txt
% 
% This file contains velocity/turn rate observations taken from the Mantis UGV.  The
% observations are derived from data returned by a high end inertial system.
%
% time(s) time(micro-seconds) Vel(m/s) Turn rate(rad/s)
63543669177 788994 0.002145 0.000225
63543669177 879990 0.002219 -0.003369
63543669177 978989 0.001721 -0.000002
63543669178 69000 0.002564 0.001413
63543669178 159996 0.017128 -0.000075
63543669178 259003 0.001630 0.002151
63543669178 359001 0.002102 -0.001958
63543669178 459000 0.002302 0.003351
63543669178 549004 0.002563 -0.004491
63543669178 639999 0.002750 -0.000804
63543669178 738998 0.002121 -0.004841
63543669178 829002 0.002786 0.000193
63543669178 919998 0.002864 0.001070
63543669179 25002 0.002108 -0.000306
63543669179 118996 0.002885 -0.000343
63543669179 209000 0.014880 0.004584
63543669179 299004 0.001778 -0.002588
63543669179 399002 0.002000 0.003505
63543669179 499001 0.002102 0.000058
63543669179 598999 0.002100 -0.005471
63543669179 689003 0.002451 0.001461
63543669179 779999 0.002318 -0.000481
63543669179 878998 0.001726 -0.006643
63543669179 969002 0.002463 0.004904
63543669180 59006 0.002011 -0.003211
63543669180 149010 0.019738 -0.002415
63543669180 240005 0.001532 -0.002490
63543669180 339005 0.001125 -0.005136
63543669180 429008 0.001290 -0.006802
63543669180 520004 0.001329 0.005257
63543669180 619003 0.001067 0.002254
63543669180 709007 0.001108 0.002399
63543669180 799011 0.000868 0.002526
63543669180 899010 0.000942 0.000724
63543669180 999008 0.000943 0.001719
63543669181 98999 0.000927 0.001652
63543669181 189003 0.030579 0.003983
63543669181 279999 0.001046 -0.001156
63543669181 378998 0.000962 0.004164
63543669181 469002 0.001484 -0.000782
63543669181 559998 0.001414 0.000733
63543669181 659996 0.001231 -0.000595
63543669181 759003 0.001243 -0.004155
63543669181 859001 0.001614 -0.000784
63543669181 959000 0.001665 0.004142
63543669182 49004 0.001765 -0.000089
63543669182 139999 0.006213 -0.003074
63543669182 238998 0.001368 -0.001459
63543669182 329002 0.001706 -0.002205
63543669182 419998 0.002100 -0.000706
63543669182 518997 0.001619 -0.004719
63543669182 609001 0.002252 -0.006459
63543669182 699997 0.002341 -0.004790
63543669182 799004 0.002035 -0.003355
63543669182 899002 0.002508 0.009031
63543669182 999001 0.002504 -0.001714
63543669183 89005 0.003125 0.006991
63543669183 179008 0.031682 -0.006509
63543669183 279007 0.001778 -0.000787
63543669183 380005 0.002424 -0.004135
63543669183 479004 0.001784 0.006297
63543669183 569008 0.002525 -0.001122
63543669183 660004 0.002347 -0.003872
63543669183 760010 0.002732 0.000249
63543669183 859009 0.002230 0.003709
63543669183 959007 0.002675 -0.000077
63543669184 58998 0.003014 0.004221
63543669184 149002 0.041591 -0.002713
63543669184 239998 0.001583 -0.001076
63543669184 338997 0.001022 0.002767
63543669184 429001 0.001714 -0.001744
63543669184 519997 0.001917 -0.000859
63543669184 618996 0.001558 -0.003355
63543669184 709000 0.002338 -0.002104
63543669184 799004 0.001889 0.002804
63543669184 899002 0.002166 -0.002384
63543669184 999001 0.002375 0.002184
63543669185 98991 0.002934 -0.003042
63543669185 188995 0.019046 -0.003462
63543669185 279991 0.002371 0.002379
63543669185 378990 0.002032 -0.004724
63543669185 468994 0.003016 0.004629
63543669185 559990 0.002829 -0.000021
63543669185 658989 0.002168 -0.001442
63543669185 748993 0.003401 -0.003157
63543669185 839989 0.003337 -0.002404
63543669185 938995 0.002572 -0.000117
63543669186 28999 0.003901 -0.000577
63543669186 120003 0.005793 -0.005491
63543669186 219002 0.000555 -0.000568
63543669186 319000 0.003473 -0.026998
63543669186 418999 0.006644 -0.024835
63543669186 509003 0.038898 -0.030617
63543669186 599998 0.112319 -0.013806
63543669186 698997 0.153526 -0.002135
63543669186 789001 0.326180 0.028435
63543669186 879997 0.458946 0.020870
63543669186 978996 0.426356 0.017406
63543669187 78995 0.625401 0.012112
63543669187 178993 0.700631 0.005438
63543669187 278992 0.787764 0.002467
63543669187 378990 0.866983 0.010774
63543669187 468994 1.067360 -0.039081
63543669187 559990 1.176003 -0.019560
63543669187 658989 0.953913 -0.042182
63543669187 748993 1.426968 -0.021119
63543669187 839989 1.506886 -0.035653
63543669187 938995 1.167173 -0.014150
63543669188 29007 1.688176 -0.019725
63543669188 120010 1.718616 -0.025182
63543669188 219009 1.308479 -0.021565
63543669188 319008 1.622264 -0.025176
63543669188 419006 1.594657 -0.014952
63543669188 509010 1.716605 -0.039737
63543669188 600006 1.658182 -0.021202
63543669188 699005 1.222304 -0.020276
63543669188 789009 1.711007 -0.026540
63543669188 880005 1.755905 -0.025080
63543669188 979004 1.331686 -0.015415
63543669189 79002 1.661753 -0.024454
63543669189 179001 1.634564 -0.024481
63543669189 278999 1.576418 -0.056073
63543669189 378998 1.530151 -0.127834
63543669189 469002 1.692811 -0.199147
63543669189 559998 1.703987 -0.200693
63543669189 658997 1.273906 -0.261370
63543669189 749001 1.749508 -0.314208
63543669189 839996 1.708705 -0.268231
63543669189 940002 1.551618 -0.233063
63543669190 40009 1.550916 -0.120008
63543669190 139008 1.201105 -0.063114
63543669190 239006 1.537486 -0.028092
63543669190 329010 1.677061 -0.005803
63543669190 420006 1.641130 -0.014126
63543669190 519005 1.210216 -0.004083
63543669190 609009 1.696720 -0.002978
63543669190 700005 1.726176 -0.022201
63543669190 799011 1.291495 -0.017233
63543669190 899010 1.617964 0.019078
63543669190 999008 1.614362 0.027351
63543669191 98999 1.610590 0.018292
63543669191 189003 1.735239 0.041597
63543669191 279999 1.688547 0.059415
63543669191 378998 1.238934 0.079140
63543669191 469002 1.707440 0.081583
63543669191 559998 1.720080 0.109691
63543669191 658997 1.280914 0.104962
63543669191 749001 1.756746 0.125616
63543669191 839996 1.761735 0.121452
63543669191 939003 1.298071 0.112562
63543669192 38994 1.585840 0.123594
63543669192 138992 1.592430 0.112655
63543669192 238991 1.541956 0.103738
63543669192 328995 1.717319 0.113629
63543669192 419991 1.742376 0.119208
63543669192 518990 1.313456 0.129640
63543669192 608994 1.809842 0.143912
63543669192 699989 1.761761 0.174669
63543669192 798996 1.275728 0.208860
63543669192 898994 1.562263 0.227090
63543669192 998993 1.569007 0.243297
63543669193 88997 1.753507 0.246909
63543669193 179001 1.435426 0.267665
63543669193 279999 1.915328 0.315979
63543669193 378998 1.292187 0.308279
63543669193 469002 1.759795 0.326620
63543669193 559998 1.732076 0.318494
63543669193 658997 1.291910 0.337099
63543669193 749001 1.802540 0.348875
63543669193 839996 1.777608 0.338491
63543669193 939003 1.290943 0.357031
63543669194 39001 1.568640 0.336070
63543669194 139000 1.573993 0.337586
63543669194 238998 1.606896 0.350919
63543669194 329002 1.827063 0.359917
63543669194 419998 1.815488 0.366816
63543669194 518997 1.310530 0.395318
63543669194 609001 1.729569 0.447948
63543669194 699997 1.642514 0.435899
63543669194 799004 1.184229 0.410656
63543669194 899002 1.466844 0.405483
63543669194 999001 1.494784 0.398004
63543669195 89005 1.536312 0.385295
63543669195 179008 1.317493 0.380744
63543669195 279007 1.473001 0.390438
63543669195 379005 1.474700 0.359951
63543669195 469009 1.646363 0.345102
63543669195 560005 1.642248 0.361129
63543669195 659004 1.201753 0.332866
63543669195 749008 1.630522 0.344832
63543669195 840004 1.593185 0.343098
63543669195 939011 1.162603 0.332046
63543669196 39001 1.441764 0.324780
63543669196 139000 1.450535 0.332790
63543669196 238998 1.492115 0.336278
63543669196 329002 1.633659 0.349140
63543669196 419998 1.560588 0.358598
63543669196 518997 1.128154 0.325368
63543669196 609001 1.547602 0.322324
63543669196 699997 1.536465 0.336154
63543669196 799995 1.127334 0.337597
63543669196 889999 1.603475 0.345698
63543669196 980003 1.299111 -0.241651
63543669197 70015 1.623068 -0.000889
63543669197 170013 1.412519 0.004113
63543669197 260017 1.176936 0.398979
63543669197 360016 1.221579 0.338821
63543669197 460014 1.138098 0.022640
63543669197 560013 1.136556 0.114586
63543669197 650017 1.349748 0.113813
63543669197 750015 1.301609 0.102476
63543669197 850014 1.314360 0.083767
63543669197 940018 1.093252 0.083960
63543669198 39993 1.093509 0.089217
63543669198 139992 0.904983 0.034891
63543669198 229996 0.953242 0.047012
63543669198 329994 0.848193 0.053054
63543669198 429993 0.863569 0.057631
63543669198 529991 0.898116 0.015920
63543669198 619995 0.837281 0.040734
63543669198 719994 0.970176 0.034925
63543669198 819992 0.971158 0.035060
63543669198 919991 0.936583 0.034504
63543669199 10002 0.986689 0.069024
63543669199 110001 0.887883 0.065559
63543669199 209999 0.865752 0.136707
63543669199 309998 0.919042 0.121922
63543669199 400002 1.080859 0.163063
63543669199 500000 1.005169 0.166669
63543669199 599998 0.843587 0.221254
63543669199 690002 1.279672 0.215736
63543669199 790001 1.260532 0.205456
63543669199 889999 1.292579 0.201439
63543669199 980003 1.127224 0.177590
63543669200 79994 1.247715 0.199378
63543669200 179993 1.130770 0.250244
63543669200 279991 1.012818 0.224948
63543669200 369995 1.081970 0.199685
63543669200 469994 1.021361 0.206926
63543669200 569992 1.113807 0.187863
63543669200 669991 1.186191 0.233176
63543669200 759995 1.055195 0.282104
63543669200 859993 1.369975 0.285962
63543669200 959991 0.869358 0.293375
63543669201 49995 1.179492 0.294055
63543669201 139999 0.990481 0.302938
63543669201 230003 1.297985 0.283784
63543669201 330002 1.274965 0.275745
63543669201 430000 1.350637 0.272641
63543669201 529999 1.344804 0.328956
63543669201 620003 1.140797 0.338667
63543669201 720001 1.180672 0.334217
63543669201 820000 1.050352 0.262933
63543669201 919998 1.214946 0.295547
63543669202 25993 0.813519 0.308938
63543669202 119995 1.173459 0.291317
63543669202 219994 1.231918 0.289438
63543669202 319992 1.226906 0.320213
63543669202 419991 1.392874 0.360005
63543669202 509995 0.964745 0.348388
63543669202 609993 1.014639 0.343355
63543669202 709991 0.969662 0.276392
63543669202 809990 1.031500 0.220506
63543669202 899994 1.028265 0.272690
63543669203 8 1.265903 0.287356
63543669203 100006 1.352440 0.295585
63543669203 190010 1.510518 0.296818
63543669203 290009 1.290210 0.382341
63543669203 390007 1.164569 0.334506
63543669203 480011 0.943018 0.317421
63543669203 580009 1.006975 0.251095
63543669203 680008 1.050902 0.296990
63543669203 780006 1.175900 0.309623
63543669203 870010 1.486936 0.292456
63543669203 970009 1.415412 0.282193
63543669204 60013 1.169491 0.419698
63543669204 150017 1.186423 0.389691
63543669204 250015 0.890416 0.325792
63543669204 350014 0.773205 0.285157
63543669204 440018 0.755146 0.224375
63543669204 540016 1.019272 0.372212
63543669204 640015 1.261274 0.303886
63543669204 730019 1.647643 0.321137
63543669204 830017 1.587912 0.391844
63543669204 930016 1.517420 0.406674
63543669205 23994 1.172511 0.464225
63543669205 119995 1.145050 0.354360
63543669205 219994 1.174517 0.144220
63543669205 319992 1.243145 0.015978
63543669205 419991 1.394186 0.023778
63543669205 509995 1.689588 0.018859
63543669205 609993 1.584388 0.001788
63543669205 709991 1.576183 -0.018675
63543669205 809990 1.496053 0.002544
63543669205 899994 1.270108 0.027966
63543669206 0 1.420034 0.015355
63543669206 99998 1.392116 0.006699
63543669206 190002 1.690720 0.004894
63543669206 290001 1.548337 0.008784
63543669206 389999 1.547808 0.059995
63543669206 480003 1.406130 0.049835
63543669206 580002 1.606756 0.021773
63543669206 680000 1.641540 0.022454
63543669206 779999 1.689704 0.063637
63543669206 870003 1.870394 0.063185
63543669206 970001 1.675488 0.077143
63543669207 69992 1.701011 0.046467
63543669207 169991 1.619960 0.055780
63543669207 259995 1.431471 0.032938
63543669207 359993 1.635947 0.023436
63543669207 459991 1.674255 -0.015435
63543669207 559990 1.700414 -0.024172
63543669207 649994 1.870819 -0.051888
63543669207 749992 1.628590 -0.047420
63543669207 849991 1.598819 -0.040617
63543669207 939995 1.416440 -0.039879
63543669208 29999 1.793400 -0.042514
63543669208 120003 1.558654 -0.059596
63543669208 220001 1.616910 -0.060812
63543669208 320000 1.566591 -0.036412
63543669208 419998 1.524661 -0.057124
63543669208 510002 1.711792 -0.058733
63543669208 610001 1.593027 -0.068320
63543669208 709999 1.653027 -0.034517
63543669208 809998 1.675311 -0.031953
63543669208 900002 1.464494 -0.052230
63543669209 0 1.614878 -0.051360
63543669209 99998 1.628222 -0.049773
63543669209 190002 1.768700 -0.067135
63543669209 290001 1.614773 -0.051289
63543669209 389999 1.637342 -0.073403
63543669209 480003 1.473617 -0.072897
63543669209 580002 1.668482 -0.074331
63543669209 680000 1.651283 -0.078384
63543669209 779999 1.586434 -0.079106
63543669209 870003 1.665730 -0.057585
63543669209 970001 1.475757 -0.050742
63543669210 60005 1.342395 -0.071870
63543669210 150009 1.736509 -0.096170
63543669210 250008 1.605992 -0.109349
63543669210 350006 1.625030 -0.078002
63543669210 440010 1.435741 -0.086592
63543669210 540009 1.935643 -0.066871
63543669210 640007 1.293212 -0.018167
63543669210 730011 1.786968 0.001056
63543669210 830009 1.587172 0.073365
63543669210 930008 1.601221 0.101794
63543669211 29999 1.631276 0.089894
63543669211 120003 1.556492 0.116071
63543669211 220001 1.959861 0.151340
63543669211 320000 1.255090 0.170168
63543669211 419998 1.506713 0.177703
63543669211 510002 1.652905 0.177229
63543669211 610001 1.523380 0.186910
63543669211 709999 1.597159 0.210248
63543669211 809998 1.670477 0.208041
63543669211 900002 1.509176 0.207085
63543669212 0 1.664325 0.192872
63543669212 99998 1.606007 0.123235
63543669212 190002 1.720039 0.040508
63543669212 290001 1.560513 0.028562
63543669212 389999 1.621143 0.051737
63543669212 480003 1.492562 0.026576
63543669212 580002 1.700504 0.041234
63543669212 680000 1.690820 0.127497
63543669212 779999 1.645781 0.154803
63543669212 870003 1.785311 0.198361
63543669212 970001 1.596176 0.238906
63543669213 60005 1.426476 0.221775
63543669213 150009 1.804839 0.216372
63543669213 250008 1.638069 0.239401
63543669213 350006 1.615113 0.230819
63543669213 440010 1.402145 0.241456
63543669213 540009 1.570224 0.224095
63543669213 640007 1.603655 0.215327
63543669213 730011 1.821744 0.251773
63543669213 830009 1.670536 0.244186
63543669213 930008 1.672877 0.235912
63543669214 29999 1.643117 0.253050
63543669214 120003 1.405017 0.256624
63543669214 220001 1.592681 0.256190
63543669214 320000 1.615496 0.262086
63543669214 419998 1.666771 0.260877
63543669214 510002 1.886545 0.274741
63543669214 610001 1.683563 0.277679
63543669214 709999 1.619235 0.280871
63543669214 809998 1.549051 0.251297
63543669214 900002 1.355245 0.262086
63543669215 0 1.538040 0.246328
63543669215 99998 1.584521 0.261307
63543669215 190002 1.912694 0.249314
63543669215 290001 1.661586 0.258003
63543669215 389999 1.651810 0.210851
63543669215 480003 1.447824 0.115756
63543669215 580002 1.612554 0.079904
63543669215 680000 1.621095 0.096811
63543669215 779999 1.634718 0.080908
63543669215 870003 1.824386 0.082449
63543669215 970001 1.631405 0.063841
63543669216 70000 1.679197 0.037580
63543669216 169998 1.656606 0.036483
63543669216 260002 1.495921 -0.018592
63543669216 360001 1.698714 -0.072134
63543669216 459999 1.690153 -0.133485
63543669216 559998 1.626789 -0.158110
63543669216 650002 1.750422 -0.204635
63543669216 750000 1.562035 -0.286797
63543669216 841003 1.369977 -0.314305
63543669216 941002 1.570724 -0.326097
63543669217 31006 1.754260 -0.350247
63543669217 121010 1.421836 -0.353706
63543669217 221008 1.528221 -0.341444
63543669217 321007 1.496123 -0.339262
63543669217 411011 1.656499 -0.346464
63543669217 511009 1.487495 -0.340267
63543669217 611008 1.469389 -0.352502
63543669217 711006 1.455514 -0.371700
63543669217 801010 1.289333 -0.363897
63543669217 901009 1.466971 -0.349961
63543669218 999 1.497805 -0.352174
63543669218 91003 1.611291 -0.350110
63543669218 191002 1.478495 -0.365956
63543669218 291000 1.417199 -0.345482
63543669218 390999 1.359267 -0.345041
63543669218 481003 1.213683 -0.327684
63543669218 581001 1.424216 -0.338602
63543669218 681000 1.491299 -0.380139
63543669218 779999 1.828389 -0.364297
63543669218 871002 1.309869 -0.355414
63543669218 971001 1.471295 -0.368573
63543669219 70999 1.370732 -0.422117
63543669219 161003 1.261725 -0.467936
63543669219 261002 1.378446 -0.435569
63543669219 361000 1.330488 -0.428596
63543669219 460999 1.310564 -0.439473
63543669219 551003 1.437220 -0.402626
63543669219 651001 1.272796 -0.320001
63543669219 750999 1.280766 -0.085329
63543669219 841003 1.182556 0.001902
63543669219 941002 1.416981 0.049121
63543669220 31006 1.645471 0.071014
63543669220 121010 1.333951 0.100200
63543669220 221008 1.536130 0.233199
63543669220 321007 1.389092 0.321084
63543669220 411011 1.493225 0.405371
63543669220 511009 1.361007 0.421534
63543669220 611008 1.395547 0.436634
63543669220 711006 1.446397 0.496019
63543669220 801010 1.308135 0.459284
63543669220 901009 1.483160 0.533366
63543669221 999 1.460014 0.433494
63543669221 91003 1.534906 -0.245853
63543669221 191002 1.447887 0.084581
63543669221 291000 1.332425 0.646919
63543669221 390999 1.239809 0.432086
63543669221 481003 1.070696 0.409138
63543669221 581001 1.268666 0.374106
63543669221 680000 1.744371 0.435714
63543669221 770996 1.412169 0.377755
63543669221 861000 1.894988 0.170109
63543669221 960999 1.363409 -0.010671
63543669222 60989 1.658151 -0.039262
63543669222 150993 1.860810 -0.039895
63543669222 250992 1.575834 -0.068844
63543669222 340996 1.408998 -0.053803
63543669222 440994 1.582129 -0.078940
63543669222 540993 1.574925 -0.058653
63543669222 640991 1.569524 -0.059171
63543669222 730995 1.732887 -0.052694
63543669222 830994 1.536438 -0.150203
63543669222 930992 1.502444 -0.167646
63543669223 20996 1.331780 -0.227659
63543669223 111000 1.624898 -0.243009
63543669223 210999 1.521414 -0.273468
63543669223 301003 1.332216 -0.305349
63543669223 401001 1.434703 -0.344691
63543669223 500999 1.336807 -0.343201
63543669223 591003 1.426292 -0.343399
63543669223 691002 1.303813 -0.327237
63543669223 791000 1.370623 -0.343060
63543669223 890999 1.413149 -0.336746
63543669223 981003 1.255737 -0.364695
63543669224 80994 1.400017 -0.338483
63543669224 180992 1.321571 -0.346289
63543669224 280991 1.327754 -0.328505
63543669224 370995 1.515827 -0.318270
63543669224 470993 1.396208 -0.353709
63543669224 570992 1.377214 -0.334467
63543669224 660995 1.187970 -0.360243
63543669224 760994 1.294043 -0.347762
63543669224 860992 1.295924 -0.283917
63543669224 960991 1.349319 -0.254186
63543669225 51010 1.540465 -0.252477
63543669225 151009 1.487404 -0.277220
63543669225 251007 1.462665 -0.216029
63543669225 341011 1.304345 -0.182162
63543669225 441010 1.486927 -0.083214
63543669225 541008 1.526698 -0.042307
63543669225 641006 1.555399 0.066890
63543669225 731010 1.753237 0.170049
63543669225 831009 1.604444 0.188916
63543669225 931007 1.587233 0.235825
63543669226 30998 1.517001 0.315105
63543669226 121002 1.165919 0.342742
63543669226 221001 1.399865 0.358556
63543669226 320999 1.414762 0.485877
63543669226 411003 1.659984 0.574902
63543669226 511002 1.599850 0.538120
63543669226 611000 1.619295 0.547429
63543669226 710999 1.550510 0.606762
63543669226 801003 1.315477 0.605316
63543669226 901001 1.440022 0.523017
63543669227 1007 1.448791 0.502616
63543669227 91011 1.568154 0.491569
63543669227 191010 1.523684 0.472276
63543669227 291008 1.557809 0.518230
63543669227 391006 1.567883 0.523933
63543669227 481010 1.384846 0.572951
63543669227 581009 1.534703 0.536399
63543669227 681007 1.502829 0.594514
63543669227 781006 1.517025 0.482464
63543669227 871010 1.733364 0.535188
63543669227 971008 1.589991 0.640796
63543669228 70992 1.571479 0.608324
63543669228 160995 1.369806 0.681353
63543669228 260994 1.546911 0.663380
63543669228 359993 1.928568 0.629785
63543669228 450989 1.412297 0.691485
63543669228 540993 1.409116 0.750168
63543669228 640991 1.538754 0.605790
63543669228 730995 1.681830 0.557050
63543669228 830994 1.564648 0.432512
63543669228 930992 1.660764 0.158620
63543669229 20996 1.529815 0.229764
63543669229 111000 1.930258 0.293004
63543669229 210999 1.654920 0.259308
63543669229 301003 1.785212 0.395117
63543669229 401001 1.232175 0.373036
63543669229 500000 1.838139 0.390437
63543669229 591003 1.350237 0.337302
63543669229 691002 1.573301 -0.204699
63543669229 791000 1.593269 0.531598
63543669229 890999 1.553405 0.457978
63543669229 981003 1.340473 0.451531
63543669230 81001 1.491805 0.422055
63543669230 180000 1.651118 0.404376
63543669230 270996 1.405896 0.401996
63543669230 361000 1.478078 0.449024
63543669230 460999 1.658588 0.467802
63543669230 551003 1.751323 0.534950
63543669230 651001 1.502328 0.480320
63543669230 750999 1.520049 0.439811
63543669230 841003 1.414594 0.409715
63543669230 941002 1.689206 0.509083
63543669231 41000 1.753574 0.533602
63543669231 140999 2.061622 0.579996
63543669231 231003 1.849552 0.601592
63543669231 331001 1.605881 0.200961
63543669231 431000 1.558195 -0.130281
63543669231 530998 1.559088 0.006146
63543669231 621002 1.366165 0.013360
63543669231 721001 1.450239 0.024954
63543669231 820999 1.316194 -0.013328
63543669231 911003 1.270475 -0.046929
63543669232 1007 0.886352 0.002352
63543669232 91011 0.976897 0.015705
63543669232 191010 0.807919 0.012351
63543669232 291008 0.762236 0.007353
63543669232 391006 0.715605 -0.006061
63543669232 481010 0.563834 -0.008012
63543669232 581009 0.514480 -0.004105
63543669232 681007 0.352166 -0.002043
63543669232 781006 0.216538 -0.000042
63543669232 871010 0.147252 -0.006482
63543669232 971008 0.083142 0.002534
63543669233 70999 0.049615 -0.006621
63543669233 161003 0.017306 0.000551
63543669233 261002 0.023850 -0.003139
63543669233 361000 0.020281 0.006973
63543669233 460999 0.010720 -0.000956
63543669233 551003 0.022372 0.004414
63543669233 651001 0.017330 0.002277
63543669233 750999 0.003869 -0.005059
63543669233 841003 0.007675 0.000801
63543669233 941002 0.001600 0.002289
63543669234 31006 0.012340 -0.002898
63543669234 121010 0.011987 -0.000742
63543669234 221008 0.038131 0.002602
63543669234 321007 0.002435 -0.001906
63543669234 411011 0.002155 0.002971
63543669234 511009 0.008633 -0.001456
63543669234 611008 0.009545 -0.001710
63543669234 711006 0.005061 0.004008
63543669234 801010 0.002216 -0.003814
63543669234 901009 0.004391 0.003879
63543669235 992 0.007698 -0.004464
63543669235 90996 0.035364 -0.000951
63543669235 190994 0.003329 -0.004075
63543669235 290993 0.002202 -0.000618
63543669235 390991 0.004158 -0.001914
63543669235 480995 0.005201 0.006261
63543669235 580994 0.005129 -0.002201
63543669235 680992 0.003283 -0.001825
63543669235 780991 0.003300 0.003258
63543669235 870995 0.005583 -0.001910
63543669235 970993 0.017454 0.032176
63543669236 60997 0.049353 0.135540
63543669236 151001 0.140575 0.095093
63543669236 250999 0.226882 0.155391
63543669236 341003 0.296966 0.187345
63543669236 431999 0.475266 0.213523
63543669236 531998 0.526702 0.300343
63543669236 622002 0.538705 0.346760
63543669236 722000 0.680961 0.423045
63543669236 821999 0.784137 0.357179
63543669236 912003 1.002275 0.370295
63543669237 11993 1.034048 0.398892
63543669237 111992 1.092355 0.351684
63543669237 201996 1.090614 0.318155
63543669237 301994 1.286034 0.294543
63543669237 401993 1.330866 0.273136
63543669237 501991 1.378153 0.245000
63543669237 591995 1.594309 0.243609
63543669237 691994 1.501849 0.270488
63543669237 791992 1.537368 -0.185713
63543669237 891991 1.529306 0.278062
63543669237 981995 1.298005 0.233665
63543669238 71999 1.482794 0.210280
63543669238 162003 1.160064 0.208756
63543669238 262001 1.309661 0.199261
63543669238 362000 1.388617 0.222471
63543669238 452003 1.652777 0.326179
63543669238 552002 1.511443 0.290732
63543669238 652000 1.468896 0.339428
63543669238 751999 1.372145 0.371393
63543669238 842003 1.143601 0.335968
63543669238 942001 1.256087 0.359055
63543669239 41992 1.241405 0.360022
63543669239 139992 1.452511 0.389540
63543669239 231995 0.999628 0.380501
63543669239 331993 1.103519 0.363934
63543669239 431992 1.062775 0.369641
63543669239 531990 1.050537 0.057879
63543669239 621994 0.965629 -0.121846
63543669239 721992 1.122026 0.010501
63543669239 821991 1.101022 -0.006818
63543669239 911995 1.103650 0.032134
63543669240 1999 0.746192 0.636312
63543669240 92003 0.785484 0.391866
63543669240 192001 0.693018 0.463998
63543669240 292000 0.735913 0.509567
63543669240 391998 0.927395 0.603327
63543669240 482002 1.002960 0.548540
63543669240 582001 1.249646 0.508968
63543669240 681999 1.249102 0.512033
63543669240 781998 1.146659 0.581275
63543669240 872002 1.149569 0.555477
63543669240 972000 1.006507 0.483550
63543669241 62012 0.937935 0.436752
63543669241 152016 1.267891 0.483423
63543669241 252014 1.233015 0.509397
63543669241 342018 1.101509 0.484072
63543669241 442017 1.186322 0.516950
63543669241 542015 1.110726 0.519267
63543669241 642014 1.046083 0.500596
63543669241 732018 1.149519 0.429886
63543669241 832016 1.103246 0.446958
63543669241 932014 1.189900 0.452860
63543669242 31990 1.199601 0.429700
63543669242 121994 1.059002 0.412006
63543669242 221992 1.193503 0.394477
63543669242 321991 1.152323 0.340744
63543669242 411995 1.303745 0.253351
63543669242 511993 1.209866 0.209978
63543669242 611992 1.214980 0.214457
63543669242 701996 1.044698 0.200754
63543669242 801994 1.120290 0.119580
63543669242 901993 1.074138 0.047865
63543669243 1999 1.079573 -0.047491
63543669243 92003 1.256724 -0.033918
63543669243 192001 1.262872 -0.035083
63543669243 292000 1.250347 -0.029365
63543669243 391998 1.241919 -0.051558
63543669243 482002 1.046132 -0.043855
63543669243 582001 1.113413 -0.031309
63543669243 681999 1.077348 -0.040213
63543669243 781998 1.079918 -0.038925
63543669243 872002 1.232357 -0.024998
63543669243 972000 1.131753 -0.045353
63543669244 71999 1.221439 -0.046773
63543669244 162003 1.014887 -0.041789
63543669244 262001 1.113422 -0.057042
63543669244 362000 1.060187 -0.054077
63543669244 452003 1.156782 -0.060802
63543669244 552002 1.083810 -0.056451
63543669244 652000 1.151336 -0.070664
63543669244 751999 1.184165 -0.052599
63543669244 842003 1.067337 -0.059934
63543669244 942001 1.216387 -0.080330
63543669245 42000 1.206901 -0.087370
63543669245 141998 1.285117 -0.079285
63543669245 232002 1.295349 -0.092008
63543669245 332001 1.200595 -0.092106
63543669245 431999 1.203093 -0.081710
63543669245 531998 1.181629 -0.103404
63543669245 622002 1.044106 -0.086012
63543669245 722000 1.180407 -0.076479
63543669245 820000 1.434906 -0.100257
63543669245 912003 1.014967 -0.086959
63543669246 10994 1.199337 -0.065506
63543669246 101990 1.061789 -0.007051
63543669246 191994 1.237608 0.006663
63543669246 291992 1.191230 -0.030208
63543669246 391991 1.170715 -0.019592
63543669246 481995 1.024422 -0.019096
63543669246 581993 1.140960 -0.029393
63543669246 681992 1.148722 -0.035433
63543669246 781990 1.181373 -0.031219
63543669246 871994 1.358203 -0.017178
63543669246 971992 1.244063 -0.018662
63543669247 62004 1.059886 0.010073
63543669247 152008 1.231949 0.027082
63543669247 252007 1.029296 -0.014077
63543669247 342010 0.876392 0.005077
63543669247 442009 0.969277 0.004727
63543669247 542007 0.974128 -0.019763
63543669247 642006 1.028823 0.013615
63543669247 732010 1.206009 0.002870
63543669247 832008 1.082750 0.000794
63543669247 932007 1.045269 0.026263
63543669248 31998 1.000796 0.018379
63543669248 122002 0.888008 -0.000185
63543669248 220001 1.252132 0.001092
63543669248 311996 0.919510 0.005632
63543669248 402000 0.960259 0.011093
63543669248 501999 1.083084 0.019336
63543669248 592003 1.177722 0.012035
63543669248 692001 1.024364 0.025743
63543669248 792000 0.989917 0.024559
63543669248 891998 0.964559 0.029921
63543669248 982002 0.837402 0.046642
63543669249 81993 0.928419 0.052420
63543669249 181992 0.969311 0.041713
63543669249 281990 0.845750 0.041827
63543669249 371994 0.916021 0.081169
63543669249 471992 0.830263 0.110104
63543669249 571991 0.849194 0.207605
63543669249 661995 0.749878 0.222048
63543669249 761993 0.822127 0.220256
63543669249 861992 0.816688 0.201296
63543669249 951996 0.933730 0.221063
63543669250 42007 0.769162 0.215028
63543669250 142006 0.911043 0.221353
63543669250 232010 0.964004 0.228043
63543669250 332008 0.839255 0.230034
63543669250 432007 0.813951 0.213336
63543669250 532005 0.817434 0.097795
63543669250 622009 0.745091 -0.015977
63543669250 722008 0.861750 -0.133009
63543669250 822006 0.859239 -0.209520
63543669250 912010 0.906947 -0.339161
63543669251 12001 0.791944 -0.239073
63543669251 112000 0.789346 -0.238445
63543669251 202003 0.565004 -0.248153
63543669251 302002 0.748187 -0.208148
63543669251 402000 0.721548 -0.230152
63543669251 501999 0.704290 -0.228681
63543669251 592003 0.747852 -0.240858
63543669251 692001 0.607610 -0.246732
63543669251 792000 0.502435 -0.307347
63543669251 891998 0.396018 -0.341720
63543669251 982002 0.277262 -0.370387
63543669252 81985 0.255717 -0.359578
63543669252 181984 0.117112 -0.345616
63543669252 281982 0.168752 -0.356239
63543669252 371986 0.156264 -0.417624
63543669252 471985 0.119504 -0.430839
63543669252 571983 0.109233 -0.417153
63543669252 661987 0.099615 -0.390176
63543669252 761986 0.104199 -0.450295
63543669252 861984 0.093533 -0.479292
63543669252 951988 0.113293 -0.488416
63543669253 42000 0.107603 -0.479222
63543669253 141998 0.147255 -0.445772
63543669253 232002 0.229634 -0.467234
63543669253 332001 0.317303 -0.492614
63543669253 431999 0.361912 -0.475429
63543669253 531998 0.334754 -0.520069
63543669253 622002 0.285358 -0.554061
63543669253 722000 0.300858 -0.530678
63543669253 821999 0.264456 -0.516911
63543669253 912003 0.306372 -0.511801
63543669254 2007 0.258003 -0.536222
63543669254 92010 0.311798 -0.541388
63543669254 192009 0.274203 -0.551742
63543669254 292007 0.253526 -0.515184
63543669254 392006 0.240295 -0.500767
63543669254 482010 0.228293 -0.515378
63543669254 582008 0.289993 -0.491114
63543669254 682007 0.290462 -0.444578
63543669254 782005 0.270561 -0.370675
63543669254 872009 0.259310 -0.272129
63543669254 972008 0.172183 -0.259986
63543669255 71999 0.104430 -0.215788
63543669255 162003 0.238819 -0.222234
63543669255 262001 0.033231 -0.196975
63543669255 362000 0.025841 -0.222278
63543669255 452003 0.023224 -0.281619
63543669255 552002 0.020375 -0.336368
63543669255 652000 0.025191 -0.329345
63543669255 751999 0.026058 -0.361805
63543669255 842003 0.017277 -0.356026
63543669255 942001 0.019052 -0.368946
63543669256 32997 0.025883 -0.380066
63543669256 123001 0.048067 -0.400504
63543669256 223000 0.036234 -0.371714
63543669256 322998 0.020780 -0.357286
63543669256 413002 0.020356 -0.341605
63543669256 513000 0.015031 -0.335022
63543669256 612999 0.053411 -0.329570
63543669256 703003 0.074953 -0.288212
63543669256 803001 0.084500 -0.198649
63543669256 903000 0.089442 -0.253121
63543669257 3006 0.128033 -0.224697
63543669257 93010 0.245386 -0.173709
63543669257 193008 0.259887 -0.183483
63543669257 293007 0.291056 -0.159704
63543669257 393005 0.305371 -0.168300
63543669257 483009 0.285250 -0.155143
63543669257 583008 0.319664 -0.306146
63543669257 683006 0.303218 -0.421306
63543669257 773010 0.288855 -0.541398
63543669257 873009 0.203142 -0.553374
63543669257 973007 0.173562 -0.542807
63543669258 72998 0.637504 -0.537944
63543669258 163002 0.124584 -0.542358
63543669258 263000 0.155140 -0.541353
63543669258 362999 0.210064 -0.531242
63543669258 453003 0.295005 -0.525223
63543669258 553001 0.287640 -0.486014
63543669258 653000 0.280596 -0.323082
63543669258 752998 0.244231 -0.085514
63543669258 843002 0.177282 -0.050135
63543669258 943001 0.168073 0.000394
63543669259 42999 0.124820 0.030811
63543669259 142998 0.094642 0.033354
63543669259 233002 0.014218 0.039600
63543669259 333000 0.068156 0.061150
63543669259 432999 0.082554 0.091289
63543669259 523003 0.056088 0.093353
63543669259 620003 0.032338 0.083798
63543669259 712997 0.010882 0.068696
63543669259 803001 0.022043 0.061950
63543669259 903000 0.032675 0.005683
63543669260 2998 0.050007 -0.080312
63543669260 93002 0.227590 -0.075769
63543669260 193001 0.197235 -0.071625
63543669260 292999 0.292259 -0.057852
63543669260 392998 0.360162 0.021669
63543669260 483002 0.346102 0.108015
63543669260 583000 0.369374 0.133808
63543669260 682999 0.287795 0.151655
63543669260 773003 0.185657 0.145953
63543669260 873001 0.037353 0.109507
63543669260 973000 0.078381 0.214475
63543669261 72990 0.059482 -0.208424
63543669261 162994 0.160776 0.015883
63543669261 262993 0.157004 -0.034996
63543669261 362991 0.084953 -0.019763
63543669261 452995 0.005307 -0.021237
63543669261 552994 0.053705 -0.004250
63543669261 652992 0.038048 -0.012070
63543669261 752991 0.010978 -0.004181
63543669261 842995 0.038147 -0.006740
63543669261 942993 0.039401 -0.002561
63543669262 33005 0.009768 -0.001601
63543669262 123009 0.076767 0.002480
63543669262 223007 0.016724 -0.005719
63543669262 323006 0.002202 -0.006871
63543669262 413010 0.018852 0.005042
63543669262 513008 0.013951 -0.003291
63543669262 613007 0.000540 -0.001492
63543669262 703011 0.006081 0.003793
63543669262 803009 0.002526 -0.003324
63543669262 903008 0.007421 0.004691
63543669263 2998 0.010135 0.001107
63543669263 93002 0.014686 -0.000023
63543669263 193001 0.002625 0.000961
63543669263 292999 0.000809 -0.007847
63543669263 392998 0.004328 0.000435
63543669263 483002 0.006852 -0.005131
63543669263 583000 0.002512 0.007313
63543669263 682999 0.000595 -0.003724
63543669263 773003 0.000976 0.008475
63543669263 873001 0.003403 -0.001880
63543669263 973000 0.004710 0.000741
63543669264 63004 0.016166 -0.005658
63543669264 153008 0.002669 -0.001820
63543669264 253006 0.001401 -0.000667
63543669264 343010 0.002365 0.000235
63543669264 443008 0.003102 0.001239
63543669264 543007 0.002165 0.003691
63543669264 643005 0.001834 -0.003549
63543669264 733009 0.002452 0.000647
63543669264 833008 0.002997 -0.007420
63543669264 933006 0.002901 -0.002368
63543669265 32990 0.002336 0.002125
63543669265 122993 0.002223 -0.000203
63543669265 222992 0.028231 -0.004326
63543669265 322990 0.001903 0.004238
63543669265 412994 0.001684 -0.003448
63543669265 512993 0.001610 -0.001829
63543669265 612991 0.001984 0.004302
63543669265 702995 0.002024 0.002353
63543669265 802994 0.002397 0.007581
63543669265 902992 0.002358 0.000631
63543669266 2998 0.002504 0.002536
63543669266 93002 0.002942 0.003535
63543669266 193001 0.020312 -0.000849
63543669266 292999 0.001360 -0.000476
63543669266 392998 0.001414 0.002015
63543669266 483002 0.001414 -0.002688
63543669266 583000 0.001762 0.005065
63543669266 682999 0.001790 0.001261
63543669266 773003 0.001736 0.001677
63543669266 873001 0.001556 0.000169
63543669266 973000 0.001848 -0.000890
63543669267 72998 0.001908 0.002986
63543669267 163002 0.038316 0.004939
63543669267 260002 0.000790 0.001502
63543669267 352997 0.000675 0.006148
63543669267 443001 0.000716 -0.002879
63543669267 542999 0.000806 0.002712
63543669267 642998 0.000776 -0.003645
63543669267 733002 0.000938 0.004847
63543669267 833000 0.001065 -0.005318
63543669267 932999 0.001056 -0.000963
63543669268 23003 0.001076 -0.001795
63543669268 123001 0.001376 0.003677
63543669268 223000 0.013410 -0.001642
63543669268 322998 0.001887 -0.003205
63543669268 413002 0.002326 0.001560
63543669268 513000 0.002236 -0.001425
63543669268 612999 0.002442 0.002869
63543669268 703003 0.002336 -0.002157
63543669268 803001 0.002576 -0.001944
63543669268 903000 0.003472 -0.007617
63543669269 3006 0.004849 0.000462
63543669269 93010 0.004743 -0.002128
63543669269 193008 0.013558 0.002188
63543669269 293007 0.002172 -0.001559
63543669269 393005 0.004064 0.003669
63543669269 483009 0.004388 -0.002374
63543669269 583008 0.003927 -0.001405
63543669269 683006 0.003105 0.001428
63543669269 773010 0.004166 0.003725
63543669269 873009 0.004777 -0.002314
63543669269 973007 0.004360 -0.003643
63543669270 72998 0.003947 0.002619
63543669270 163002 0.030202 -0.003768
63543669270 263000 0.002567 -0.000531
63543669270 362999 0.003371 -0.004775
63543669270 453003 0.003205 0.003755
63543669270 553001 0.002911 -0.007050
63543669270 653000 0.003436 0.001803
63543669270 752998 0.003696 0.001291
63543669270 843002 0.003076 0.001071
63543669270 943001 0.003551 0.001738
63543669271 33012 0.004414 0.007789
63543669271 123016 0.003817 -0.004081
63543669271 223015 0.059352 0.007464
63543669271 323013 0.001962 -0.002432
63543669271 413017 0.002475 0.003412
63543669271 513016 0.002280 -0.001110
63543669271 613014 0.002335 0.003901
63543669271 703018 0.002265 0.003670
63543669271 803017 0.002746 0.003504
63543669271 903015 0.002896 -0.001195
63543669272 2991 0.002873 -0.005839
63543669272 92995 0.003230 0.000959
63543669272 192993 0.051530 -0.000316
63543669272 292992 0.002396 0.003508
63543669272 392990 0.002169 -0.002492
63543669272 482994 0.001759 -0.004342
63543669272 579994 0.002564 -0.002520
63543669272 672989 0.002391 -0.003122
63543669272 762993 0.002470 -0.001388
63543669272 862991 0.002604 -0.003849
63543669272 952995 0.002867 0.000620
63543669273 42999 0.002658 0.002648
63543669273 139999 0.030144 -0.000674
63543669273 233002 0.001910 0.003936
63543669273 333000 0.001867 -0.004576
63543669273 432999 0.002023 0.001285
63543669273 523003 0.002247 -0.001018
63543669273 623001 0.002731 0.002765
63543669273 723000 0.002546 0.003452
63543669273 822998 0.002508 0.000542
63543669273 913002 0.003004 -0.000936
63543669274 14000 0.002879 0.002956
63543669274 112999 0.003125 -0.004311
63543669274 203003 0.040683 0.003616
63543669274 303001 0.002272 0.004876
63543669274 403000 0.002310 -0.002117
63543669274 502998 0.002540 -0.000949
63543669274 593002 0.002846 -0.005380
63543669274 693001 0.002374 0.002610
63543669274 792999 0.002473 -0.004407
63543669274 892998 0.002641 -0.000111
63543669274 983002 0.002437 -0.003300
63543669275 83000 0.002587 0.000579
63543669275 182999 0.051763 0.001721
63543669275 273003 0.001789 0.005342
63543669275 373001 0.001322 0.002076
63543669275 473000 0.001559 -0.001883
63543669275 572998 0.001533 0.001005
63543669275 663002 0.001271 -0.001863
63543669275 763000 0.001325 0.002724
63543669275 853996 0.001665 0.003423
63543669275 944000 0.001384 -0.000108
63543669276 39993 0.001734 -0.000322
63543669276 133995 0.016090 0.002468
63543669276 233994 0.001962 0.003523
63543669276 333992 0.002223 0.000775
63543669276 423996 0.002123 0.005490
63543669276 523994 0.002501 -0.004897
63543669276 623993 0.002800 0.000572
63543669276 723991 0.003004 0.000971
63543669276 813995 0.003781 0.003864
63543669276 913994 0.003426 -0.001316
63543669277 4005 0.003260 -0.001413
63543669277 94009 0.004291 -0.000200
63543669277 194008 0.008967 -0.000082
63543669277 294006 0.004818 -0.004081
63543669277 384010 0.004261 -0.004084
63543669277 484009 0.005009 -0.005810
63543669277 580009 0.006703 -0.000383
63543669277 674011 0.005112 -0.002007
63543669277 774010 0.006103 0.000710
63543669277 874008 0.006143 0.000521
63543669277 974007 0.006631 0.003093
63543669278 73997 0.007232 0.003241
63543669278 164001 0.040039 0.000080
63543669278 264000 0.005533 0.001616
63543669278 363998 0.005709 -0.001142
63543669278 454002 0.006993 0.000258
63543669278 554001 0.006670 -0.001276
63543669278 653999 0.006559 0.002206
63543669278 753998 0.006742 -0.002775
63543669278 844002 0.006306 -0.001387
63543669278 944000 0.007231 -0.005787
63543669279 43991 0.007421 0.002728
63543669279 133995 0.051862 -0.002034
63543669279 233994 0.005694 0.000737
63543669279 333992 0.005703 -0.002956
63543669279 423996 0.005301 0.004184
63543669279 523994 0.006101 -0.004974
63543669279 623993 0.006279 0.003022
63543669279 723991 0.006360 -0.001368
63543669279 813995 0.007296 0.003807
63543669279 913994 0.006768 0.000429
63543669280 4005 0.005968 0.004001
63543669280 94009 0.007711 0.003894
63543669280 194008 0.040647 0.000011
63543669280 294006 0.006140 0.000107
63543669280 384010 0.005425 -0.005987
63543669280 484009 0.006201 0.000154
63543669280 584007 0.006325 0.000146
63543669280 674011 0.007319 0.002950
63543669280 774010 0.006530 0.002087
63543669280 874008 0.006621 -0.003837
63543669280 974007 0.007024 0.001142
63543669281 73997 0.007324 0.001561
63543669281 164001 0.063127 0.004415
63543669281 264000 0.003736 -0.001255
63543669281 363998 0.004610 0.003016
63543669281 454002 0.005236 -0.000026
63543669281 554001 0.004751 0.001941
63543669281 653999 0.005377 0.001498
63543669281 753998 0.005319 0.000314
63543669281 844002 0.004179 0.002481
63543669281 944000 0.004901 -0.003000
63543669282 43999 0.004993 0.003990
63543669282 134003 0.044448 0.000924
63543669282 234001 0.004138 0.001623
63543669282 334000 0.002290 -0.005245
63543669282 424004 0.001889 -0.000417
63543669282 524002 0.004161 -0.005163
63543669282 624001 0.004159 -0.001902
63543669282 723999 0.002445 -0.000736
63543669282 814003 0.004216 0.000989
63543669282 914001 0.004609 0.001555
63543669283 14000 0.003463 -0.003382
63543669283 113998 0.030762 0.006527
63543669283 204002 0.003801 0.003427
63543669283 299995 0.003891 0.002457
63543669283 393997 0.003745 0.007968
63543669283 484001 0.007637 -0.008289
63543669283 584000 0.004012 -0.001831
63543669283 674004 0.001835 -0.001278
63543669283 774002 0.006214 0.008098
63543669283 874001 0.003949 -0.000635
63543669283 973999 0.001924 0.002815
63543669284 64011 0.003594 -0.003246
63543669284 164009 0.047863 0.005113
63543669284 264008 0.001623 0.000198
63543669284 364006 0.000233 -0.003785
63543669284 454010 0.002200 0.001927
63543669284 554008 0.001746 -0.004815
63543669284 654007 0.001543 0.005043
63543669284 754005 0.002174 0.000535
63543669284 844009 0.001020 0.003426
63543669284 944008 0.001438 -0.001613
63543669285 43999 0.002437 -0.002652
63543669285 134003 0.030429 0.000706
63543669285 234001 0.000732 -0.000519
63543669285 334000 0.000872 0.004664
63543669285 424004 0.001159 0.002257
63543669285 524002 0.000908 0.006027
63543669285 624001 0.000832 -0.000965
63543669285 723999 0.001366 0.004103
63543669285 814003 0.001511 -0.001466
63543669285 914001 0.001810 0.004004
63543669286 14000 0.001793 0.002227
63543669286 113998 0.028655 -0.008878
63543669286 204002 0.001690 -0.002034
63543669286 304001 0.002313 -0.003015
63543669286 403999 0.002420 0.004208
63543669286 503998 0.001401 -0.002602
63543669286 594002 0.001396 0.000603
63543669286 694000 0.002106 0.000833
63543669286 793999 0.001751 0.004127
63543669286 884003 0.001104 -0.001950
63543669286 984001 0.001616 0.003245
63543669287 74005 0.012426 -0.001724
63543669287 164009 0.002155 -0.001787
